4
-3 2
3 3
5 6
9 9
2
4 5
7 8
1 10


3
-3 2
3 3
5 6
1
4 5
1 5

1
-2000000000 2
1
-2000000000 1
-2000000000 2000000000

1
-1000000000 2
1
-1000000000 1
-2000000000 -1500000000

1
1000000000 2
1
1000000000 1
0 5


4
-100 1
10 5
13 7
19 8
5
-10 3
0 4
12 6
17 10
20 11
-15 25

1
-2000000000 2000000000
1
-2000000000 2000000000
0 0

4
-3 2
3 3
5 6
8 9
2
3 4
7 10
2 8

4
-3 2
3 3
5 6
8 9
4
-3 2
3 3
5 6
8 9
2 8


10
-19 2
-5 3
2 9
6 13
9 19
11 33
193 34
252 55
845 74
10000 454
5
-30 3
-10 4
8 20
45 34
192242 500
-50000000 50000000 
==> 6948

1
10 1
1
9 1
1 9

2
9 1
10 2
2
9 2
10 10
9 10

5
9 2
10 3
11 4
12 5
13 6
5
9 2
10 3
11 4
12 5
13 6
9 9


4
-2000000 1
-1808030 6
-100000 7
-3832 10
2
-2000000 2
-1233829 9
-2000000000 2000000000

1
0 1
1
0 1
0 0